| Ben, these are the manual changes needed to make a 6.12-compatible CSV	|
| from an old 6.11-compatible CSV file -- just in case you don't want to	|
| create a new one from scratch using the skeleton file. Just be sure to 	|
| back up the old one!														|

# CSV-file Changes

remove these lines (if they exist)
===================
HSALT.span%,,21903,...
Boxcar Only Enable (Stream),,63897,...
Hsalt Span (Stream),,64017,...
Gas Bubble (Stream),,64377,...
Gas Pattern (Stream),,64497,...

add these lines
================
stream_bubble_length,,63897,float,1,RW,60,+8.000000e+00,+8.000000e+00,+8.000000e+00,+8.000000e+00,+8.000000e+00,+8.000000e+00,+8.000000e+00,+8.000000e+00,+8.000000e+00,+8.000000e+00,+8.000000e+00,+8.000000e+00,+8.000000e+00,+8.000000e+00,+8.000000e+00,+8.000000e+00,+8.000000e+00,+8.000000e+00,+8.000000e+00,+8.000000e+00,+8.000000e+00,+8.000000e+00,+8.000000e+00,+8.000000e+00,+8.000000e+00,+8.000000e+00,+8.000000e+00,+8.000000e+00,+8.000000e+00,+8.000000e+00,+8.000000e+00,+8.000000e+00,+8.000000e+00,+8.000000e+00,+8.000000e+00,+8.000000e+00,+8.000000e+00,+8.000000e+00,+8.000000e+00,+8.000000e+00,+8.000000e+00,+8.000000e+00,+8.000000e+00,+8.000000e+00,+8.000000e+00,+8.000000e+00,+8.000000e+00,+8.000000e+00,+8.000000e+00,+8.000000e+00,+8.000000e+00,+8.000000e+00,+8.000000e+00,+8.000000e+00,+8.000000e+00,+8.000000e+00,+8.000000e+00,+8.000000e+00,+8.000000e+00,+8.000000e+00,
stream_pattern_length,,64017,float,1,RW,60,+7.500000e+01,+7.500000e+01,+7.500000e+01,+7.500000e+01,+7.500000e+01,+7.500000e+01,+7.500000e+01,+7.500000e+01,+7.500000e+01,+7.500000e+01,+7.500000e+01,+7.500000e+01,+7.500000e+01,+7.500000e+01,+7.500000e+01,+7.500000e+01,+7.500000e+01,+7.500000e+01,+7.500000e+01,+7.500000e+01,+7.500000e+01,+7.500000e+01,+7.500000e+01,+7.500000e+01,+7.500000e+01,+7.500000e+01,+7.500000e+01,+7.500000e+01,+7.500000e+01,+7.500000e+01,+7.500000e+01,+7.500000e+01,+7.500000e+01,+7.500000e+01,+7.500000e+01,+7.500000e+01,+7.500000e+01,+7.500000e+01,+7.500000e+01,+7.500000e+01,+7.500000e+01,+7.500000e+01,+7.500000e+01,+7.500000e+01,+7.500000e+01,+7.500000e+01,+7.500000e+01,+7.500000e+01,+7.500000e+01,+7.500000e+01,+7.500000e+01,+7.500000e+01,+7.500000e+01,+7.500000e+01,+7.500000e+01,+7.500000e+01,+7.500000e+01,+7.500000e+01,+7.500000e+01,+7.500000e+01,
stream_boxcar_expire,,64257,float,1,RW,60,+1.500000e+02,+1.500000e+02,+1.500000e+02,+1.500000e+02,+1.500000e+02,+1.500000e+02,+1.500000e+02,+1.500000e+02,+1.500000e+02,+1.500000e+02,+1.500000e+02,+1.500000e+02,+1.500000e+02,+1.500000e+02,+1.500000e+02,+1.500000e+02,+1.500000e+02,+1.500000e+02,+1.500000e+02,+1.500000e+02,+1.500000e+02,+1.500000e+02,+1.500000e+02,+1.500000e+02,+1.500000e+02,+1.500000e+02,+1.500000e+02,+1.500000e+02,+1.500000e+02,+1.500000e+02,+1.500000e+02,+1.500000e+02,+1.500000e+02,+1.500000e+02,+1.500000e+02,+1.500000e+02,+1.500000e+02,+1.500000e+02,+1.500000e+02,+1.500000e+02,+1.500000e+02,+1.500000e+02,+1.500000e+02,+1.500000e+02,+1.500000e+02,+1.500000e+02,+1.500000e+02,+1.500000e+02,+1.500000e+02,+1.500000e+02,+1.500000e+02,+1.500000e+02,+1.500000e+02,+1.500000e+02,+1.500000e+02,+1.500000e+02,+1.500000e+02,+1.500000e+02,+1.500000e+02,+1.500000e+02,
stream_delta_temp,,64377,float,1,RW,60,+3.000000e+00,+3.000000e+00,+3.000000e+00,+3.000000e+00,+3.000000e+00,+3.000000e+00,+3.000000e+00,+3.000000e+00,+3.000000e+00,+3.000000e+00,+3.000000e+00,+3.000000e+00,+3.000000e+00,+3.000000e+00,+3.000000e+00,+3.000000e+00,+3.000000e+00,+3.000000e+00,+3.000000e+00,+3.000000e+00,+3.000000e+00,+3.000000e+00,+3.000000e+00,+3.000000e+00,+3.000000e+00,+3.000000e+00,+3.000000e+00,+3.000000e+00,+3.000000e+00,+3.000000e+00,+3.000000e+00,+3.000000e+00,+3.000000e+00,+3.000000e+00,+3.000000e+00,+3.000000e+00,+3.000000e+00,+3.000000e+00,+3.000000e+00,+3.000000e+00,+3.000000e+00,+3.000000e+00,+3.000000e+00,+3.000000e+00,+3.000000e+00,+3.000000e+00,+3.000000e+00,+3.000000e+00,+3.000000e+00,+3.000000e+00,+3.000000e+00,+3.000000e+00,+3.000000e+00,+3.000000e+00,+3.000000e+00,+3.000000e+00,+3.000000e+00,+3.000000e+00,+3.000000e+00,+3.000000e+00,
Bubble_new_length,,351,float,1,RW,1,+8.000000e+00,
Pattern_new_length,,353,float,1,RW,1,+7.500000e+01,
Boxcar_expire_val,,355,float,1,RW,1,+1.500000e+02,
GAS_ENTRAINED,,740,bit,1,RW,1,0,	